version https://git-lfs.github.com/spec/v1
oid sha256:f2a3aecfb7d5f83a45750e8420aed4ea684d166b4078784c71fb8a62eb3695cf
size 64070320
